time	manip	gran	press	averat	laba	proba	StZn	cell_1	cell_2	cell_3
1	0	1	0	1	1	0	0	3	0	8	
2	0	1	0	1	1	0	0	3	0	8	
3	0	1	0	1	1	0	0	3	0	8	
4	0	1	0	1	1	0	0	3	0	8	
5	0	2	0	1	1	0	0	3	0	8	
6	0	2	0	1	1	0	0	3	0	8	
7	0	2	0	2	1	0	0	3	0	8	
8	1	2	0	0	0	0	0	4	0	8	
9	1	2	0	0	0	0	0	4	0	8	
10	1	0	0	0	0	1	0	4	0	8	
11	1	0	0	0	0	1	0	4	0	8	
12	1	0	0	0	1	2	0	4	0	8	
13	1	0	0	1	1	0	0	4	0	8	
14	1	0	0	1	1	0	0	4	0	8	
15	1	0	0	1	1	0	0	4	0	8	
16	1	0	0	1	1	0	0	0	7	8	
17	1	0	0	2	1	0	0	0	7	8	
18	1	0	0	2	1	0	0	0	7	8	
19	0	0	0	2	1	0	1	0	7	8	
20	0	0	0	2	1	0	1	0	7	8	
21	0	0	0	2	1	0	1	0	7	8	
22	0	0	0	2	1	0	2	0	7	8	
23	1	0	0	3	0	0	2	0	8	8	
24	1	0	0	3	0	0	2	0	8	8	
25	0	0	0	3	0	1	2	0	8	8	
26	1	0	0	0	0	1	2	0	0	8	
27	1	0	0	0	1	2	2	0	0	8	
28	1	0	1	0	1	2	2	0	0	8	
29	1	0	1	0	1	2	2	0	0	8	
30	1	0	1	0	1	2	2	0	0	8	
31	1	0	1	0	1	2	2	0	0	8	
32	1	0	0	0	1	2	2	0	0	8	
33	3	1	0	0	1	2	2	0	0	8	
34	3	1	0	0	1	2	2	0	0	8	
35	3	1	0	0	1	2	2	0	0	8	
36	1	1	0	0	1	0	2	0	0	8	
37	1	1	0	0	0	0	2	0	0	8	
38	1	1	0	0	0	0	2	0	0	8	
39	1	1	0	0	0	0	0	4	0	8	
40	1	2	0	1	0	0	0	0	0	8	
41	1	2	0	1	0	0	0	0	0	8	
42	1	2	0	1	0	0	0	0	0	8	
43	0	2	0	1	0	0	1	0	0	8	
44	0	2	0	1	0	0	1	0	0	8	
45	1	2	0	0	0	0	1	0	0	8	
46	1	2	0	0	0	0	2	0	0	8	
47	1	0	0	0	0	1	2	0	0	8	
48	1	0	0	0	0	1	2	0	0	8	
49	1	0	0	0	1	2	2	0	0	8	
50	1	0	0	1	1	0	2	0	0	8	
51	1	0	0	1	1	0	2	0	0	8	
52	1	0	0	1	1	0	2	0	0	8	
53	0	0	0	1	1	0	2	7	0	8	
54	0	0	0	1	1	0	2	7	0	8	
55	0	0	0	1	1	0	2	7	0	8	
56	0	0	0	1	1	0	2	7	0	8	
57	0	0	0	1	1	0	2	7	0	8	
58	0	0	0	1	1	0	2	7	0	8	
59	0	0	0	1	1	0	2	7	0	8	
60	1	0	0	3	0	0	2	8	0	8	
61	1	0	0	3	0	0	2	8	0	8	
62	0	0	0	3	0	1	2	8	0	8	
63	1	0	0	0	0	1	2	0	0	8	
64	1	0	0	0	1	2	2	0	0	8	
65	1	0	1	0	1	2	2	0	0	8	
66	1	0	1	0	1	2	2	0	0	8	
67	1	0	1	0	1	2	2	0	0	8	
68	1	0	1	0	1	2	2	0	0	8	
69	1	0	0	0	1	2	2	0	0	8	
70	1	1	0	0	1	0	2	0	0	8	
71	1	1	0	0	1	0	2	0	0	8	
72	1	1	0	0	1	0	2	0	0	8	
73	1	1	0	0	1	0	0	3	0	8	
74	1	1	0	1	0	0	0	0	0	8	
75	1	1	0	1	0	0	0	0	0	8	
76	1	1	0	1	0	0	0	0	0	8	
77	0	2	0	1	0	0	1	0	0	8	
78	0	2	0	1	0	0	1	0	0	8	
79	0	2	0	1	0	0	1	0	0	8	
80	0	2	0	1	0	0	2	0	0	8	
81	1	2	0	3	0	0	2	0	0	8	
82	1	2	0	3	0	0	2	0	0	8	
83	0	2	0	3	0	1	2	0	0	8	
84	1	3	0	0	0	1	2	0	0	8	
85	1	3	0	0	1	2	2	0	0	8	
86	1	3	0	0	1	2	2	0	0	8	
87	3	0	0	1	1	2	2	0	0	8	
88	3	0	0	1	1	2	2	0	0	8	
89	3	0	0	1	1	2	2	0	0	8	
90	1	0	0	1	1	0	2	0	0	8	
91	1	0	0	1	1	0	2	0	0	8	
92	1	0	0	1	1	0	2	0	0	8	
93	0	0	0	1	1	0	2	7	0	8	
94	0	0	0	1	1	0	2	7	0	8	
95	0	0	0	1	1	0	2	7	0	8	
96	0	0	0	1	0	0	2	8	0	8	
97	0	0	0	1	0	0	2	8	0	8	
98	0	0	0	1	0	0	2	8	0	8	
99	0	0	0	1	0	0	2	8	0	8	
100	1	0	0	3	0	0	2	8	0	8	
101	1	0	0	3	0	0	2	8	0	8	
102	0	0	0	3	0	1	2	8	0	8	
103	1	0	0	0	0	1	2	0	0	8	
104	1	0	0	0	1	2	2	0	0	8	
105	1	0	1	0	1	2	2	0	0	8	
106	1	0	1	0	1	2	2	0	0	8	
107	1	0	1	0	1	2	2	0	0	8	
108	1	0	1	0	1	2	2	0	0	8	
109	1	0	0	0	1	2	2	0	0	8	
110	1	1	0	0	1	0	2	0	0	8	
111	1	1	0	0	1	0	2	0	0	8	
112	1	1	0	0	1	0	2	0	0	8	
113	1	1	0	0	1	0	0	3	0	8	
114	1	1	0	1	0	0	0	0	0	8	
115	1	1	0	1	0	0	0	0	0	8	
116	1	1	0	1	0	0	0	0	0	8	
117	0	2	0	1	0	0	1	0	0	8	
118	0	2	0	1	0	0	1	0	0	8	
119	0	2	0	1	0	0	1	0	0	8	
120	0	2	0	1	0	0	2	0	0	8	
121	0	2	0	1	0	0	2	0	0	8	
122	0	2	0	1	0	0	2	0	0	8	
123	0	2	0	1	0	0	2	0	0	8	
124	0	2	0	1	0	0	2	0	0	8	
125	0	2	0	1	0	0	2	0	0	8	
126	0	2	0	1	0	0	2	0	0	8	
127	0	2	0	1	0	0	2	0	0	8	
128	0	2	0	1	0	0	2	0	0	8	
129	1	2	0	3	0	0	2	0	0	8	
130	1	2	0	3	0	0	2	0	0	8	
131	0	2	0	3	0	1	2	0	0	8	
132	1	0	0	0	0	1	2	0	0	8	
133	1	0	0	0	1	2	2	0	0	8	
134	1	0	0	0	1	2	2	0	0	8	
135	1	0	0	1	1	0	2	0	0	8	
136	1	0	0	1	1	0	2	0	0	8	
137	1	0	0	1	1	0	2	0	0	8	
138	0	0	0	1	1	0	2	7	0	8	
139	0	0	0	1	1	0	2	7	0	8	
140	0	0	0	1	1	0	2	7	0	8	
141	0	0	0	2	1	0	2	7	0	8	
142	0	0	0	2	1	0	2	7	0	8	
143	0	0	0	2	1	0	2	7	0	8	
144	1	0	0	0	0	0	2	8	0	8	
145	1	0	0	0	0	0	2	8	0	8	
146	1	0	0	0	0	1	2	0	0	8	
147	1	0	0	0	0	1	2	0	0	8	
148	1	0	1	0	1	2	2	0	0	8	
149	1	0	1	0	1	2	2	0	0	8	
150	1	0	1	0	1	2	2	0	0	8	
151	1	0	1	0	1	2	2	0	0	8	
152	1	0	0	0	1	2	2	0	0	8	
153	3	1	0	0	1	2	2	0	0	8	
154	3	1	0	0	1	2	2	0	0	8	
155	3	1	0	0	1	2	2	0	0	8	
156	1	1	0	0	1	0	2	0	0	8	
157	1	1	0	0	1	0	2	0	0	8	
158	1	1	0	0	1	0	2	0	0	8	
159	1	1	0	0	0	0	0	5	0	8	
160	1	2	0	1	0	0	0	0	0	8	
161	1	2	0	1	0	0	0	0	0	8	
162	1	2	0	2	0	0	0	0	0	8	
163	1	2	0	2	0	0	0	0	0	8	
164	1	2	0	0	0	0	0	1	0	8	
165	1	2	0	0	0	0	0	1	0	8	
166	1	0	0	0	0	1	0	1	0	8	
167	1	0	0	0	0	1	0	1	0	8	
168	1	0	0	0	1	2	0	1	0	8	
169	1	0	0	1	1	2	0	0	0	8	
170	1	1	0	1	1	0	0	0	0	8	
171	1	1	0	1	1	0	0	0	0	8	
172	1	1	0	2	1	0	0	0	0	8	
173	0	1	0	2	1	0	0	7	0	8	
174	0	1	0	2	1	0	0	7	0	8	
175	0	1	0	2	1	0	0	7	0	8	
176	0	2	0	2	1	0	0	7	0	8	
177	0	2	0	2	1	0	0	7	0	8	
178	0	2	0	2	1	0	0	7	0	8	
179	1	2	0	3	0	0	0	8	0	8	
180	1	2	0	3	0	0	0	8	0	8	
181	0	2	0	3	0	1	0	8	0	8	
182	1	3	0	0	0	1	0	8	0	8	
183	1	3	0	0	1	2	0	8	0	8	
184	1	3	0	0	1	2	0	8	0	8	
185	1	0	0	1	1	0	0	8	0	8	
186	1	0	0	1	1	0	0	8	0	8	
187	1	0	0	1	1	0	0	8	0	8	
188	0	0	0	1	1	0	0	8	3	8	
189	0	0	0	1	1	0	0	8	3	8	
190	0	0	0	1	1	0	0	8	3	8	
191	0	0	0	1	1	0	0	8	3	8	
192	0	0	0	1	1	0	0	8	3	8	
193	1	0	0	1	0	0	0	8	0	8	
194	1	0	0	1	0	0	0	8	0	8	
195	1	0	0	1	0	0	0	8	0	8	
196	1	0	0	0	0	0	1	8	0	8	
197	1	0	0	0	0	0	1	8	0	8	
198	1	0	0	0	0	1	1	0	0	8	
199	1	0	0	0	0	1	2	0	0	8	
200	1	0	1	0	1	2	2	0	0	8	
201	1	0	1	0	1	2	2	0	0	8	
202	1	0	1	0	1	2	2	0	0	8	
203	1	0	1	0	1	2	2	0	0	8	
204	1	0	0	0	1	2	2	0	0	8	
205	3	1	0	0	1	2	2	0	0	8	
206	3	1	0	0	1	2	2	0	0	8	
207	3	1	0	0	1	2	2	0	0	8	
208	1	1	0	0	1	0	2	0	0	8	
209	1	1	0	0	1	0	2	0	0	8	
210	1	1	0	0	0	0	2	0	0	8	
211	1	1	0	0	0	0	0	5	0	8	
212	1	2	0	1	0	0	0	0	0	8	
213	1	2	0	1	0	0	0	0	0	8	
214	1	2	0	1	0	0	0	0	0	8	
215	1	2	0	1	0	0	0	0	0	8	
216	0	2	0	1	0	0	0	1	0	8	
217	0	2	0	1	0	0	0	1	0	8	
218	0	2	0	1	0	0	0	1	0	8	
219	0	2	0	1	0	0	0	1	0	8	
220	1	2	0	3	0	0	0	1	0	8	
221	1	2	0	3	0	0	0	1	0	8	
222	0	2	0	3	0	1	0	1	0	8	
223	1	0	0	0	0	1	0	1	0	8	
224	1	0	0	0	1	2	0	1	0	8	
225	1	0	0	0	1	2	0	1	0	8	
226	1	0	0	1	1	2	0	0	0	8	
227	1	1	0	1	1	0	0	0	0	8	
228	1	1	0	1	1	0	0	0	0	8	
229	1	1	0	1	1	0	0	0	0	8	
230	0	1	0	2	1	0	0	7	0	8	
231	0	1	0	2	1	0	0	7	0	8	
232	0	1	0	2	1	0	0	7	0	8	
233	0	2	0	2	1	0	0	7	0	8	
234	0	2	0	2	1	0	0	7	0	8	
235	1	2	0	0	0	0	0	9	0	8	
236	1	2	0	0	0	0	0	9	0	8	
237	1	0	0	0	0	1	0	9	0	8	
238	1	0	0	0	0	1	0	9	0	8	
239	1	0	0	0	1	2	0	9	0	8	
240	1	0	0	1	1	0	0	9	0	8	
241	1	0	0	1	1	0	0	9	0	8	
242	1	0	0	1	1	0	0	9	0	8	
243	1	0	0	1	1	0	0	0	3	8	
244	1	0	0	1	1	0	0	0	3	8	
245	1	0	0	2	1	0	0	0	3	8	
246	1	0	0	2	1	0	0	0	3	8	
247	1	0	0	2	1	0	0	0	3	8	
248	0	1	0	2	1	0	0	0	3	8	
249	1	1	0	3	0	0	0	0	4	8	
250	1	1	0	3	0	0	0	0	4	8	
251	1	1	0	3	0	1	0	0	0	8	
252	1	1	0	0	0	1	0	0	0	8	
253	1	1	0	0	1	2	0	0	0	8	
254	1	3	0	0	1	2	1	0	0	8	
255	1	3	0	0	1	2	1	0	0	8	
256	1	3	0	0	1	2	1	0	0	8	
257	3	0	0	1	1	2	2	0	0	8	
258	3	0	0	1	1	2	2	0	0	8	
259	3	0	0	1	1	2	2	0	0	8	
260	1	0	0	1	1	0	2	0	0	8	
261	1	0	0	1	1	0	2	0	0	8	
262	1	0	0	1	1	0	2	0	0	8	
263	1	0	0	1	0	0	2	0	0	8	
264	1	0	0	1	0	0	2	0	0	8	
265	1	0	0	1	0	0	2	0	0	8	
266	1	0	0	1	0	0	2	0	0	8	
267	1	0	0	0	0	0	2	1	0	8	
268	1	0	0	0	0	0	2	1	0	8	
269	1	0	0	0	0	1	2	1	0	0	
270	1	0	0	0	0	1	2	1	0	0	
271	1	0	1	0	1	2	2	1	0	0	
272	1	0	1	0	1	2	2	1	0	0	
273	1	0	1	0	1	2	2	1	0	0	
274	1	0	1	0	1	2	2	1	0	0	
275	1	0	0	0	1	2	2	1	0	0	
276	1	1	0	0	1	0	2	1	0	0	
277	1	1	0	0	1	0	2	1	0	0	
278	1	1	0	0	1	0	2	1	0	0	
279	1	1	0	0	1	0	0	1	3	0	
280	0	1	0	1	1	0	0	1	3	0	
281	1	1	0	1	0	0	0	1	0	0	
282	1	1	0	1	0	0	0	1	0	0	
283	1	2	0	1	0	0	0	1	0	0	
284	0	2	0	1	0	0	1	1	0	0	
285	0	2	0	1	0	0	1	1	0	0	
286	0	2	0	1	0	0	1	1	0	0	
287	1	2	0	3	0	0	2	1	0	0	
288	1	2	0	3	0	0	2	1	0	0	
289	0	2	0	3	0	1	2	1	0	0	
290	1	0	0	0	0	1	2	1	0	0	
291	1	0	0	0	1	2	2	1	0	0	
292	1	0	0	0	1	2	2	1	0	0	
293	1	0	0	1	1	2	2	0	0	0	
294	1	1	0	1	1	0	2	0	0	0	
295	1	1	0	1	1	0	2	0	0	0	
296	1	1	0	1	1	0	2	0	0	0	
297	0	1	0	1	1	0	2	7	0	0	
298	0	1	0	1	1	0	2	7	0	0	
299	0	1	0	1	1	0	2	7	0	0	
300	0	2	0	1	1	0	2	7	0	0	
301	1	2	0	1	0	0	2	0	0	0	
302	1	2	0	1	0	0	2	0	0	0	
303	1	2	0	1	0	0	2	0	0	0	
304	1	2	0	1	0	0	2	0	0	0	
305	0	2	0	1	0	0	2	1	0	0	
306	1	2	0	3	0	0	2	1	0	0	
307	1	2	0	3	0	0	2	1	0	0	
308	3	2	0	3	0	1	2	1	0	0	
309	3	2	0	0	0	1	2	1	0	0	
310	3	2	0	0	1	2	2	1	0	0	
311	1	0	0	0	1	2	2	1	0	0	
312	1	0	0	0	1	2	2	1	0	0	
313	1	0	0	0	1	2	2	1	0	0	
314	1	0	0	1	1	2	2	0	0	0	
315	1	1	0	1	1	0	2	0	0	0	
316	1	1	0	1	1	0	2	0	0	0	
317	1	1	0	1	1	0	2	0	0	0	
318	0	1	0	1	1	0	2	3	0	0	
319	0	1	0	1	1	0	2	3	0	0	
320	0	1	0	1	1	0	2	3	0	0	
321	0	2	0	1	0	0	2	4	0	0	
322	0	2	0	1	0	0	2	4	0	0	
323	0	2	0	1	0	0	2	4	0	0	
324	0	2	0	1	0	0	2	4	0	0	
325	0	2	0	1	0	0	2	4	0	0	
326	0	2	0	1	0	0	2	4	0	0	
327	0	2	0	1	0	0	2	4	0	0	
328	0	2	0	1	0	0	2	4	0	0	
329	1	2	0	3	0	0	2	4	0	0	
330	1	2	0	3	0	0	2	4	0	0	
331	0	2	0	3	0	1	2	4	0	0	
332	1	3	0	0	0	1	2	4	0	0	
333	1	3	0	0	1	2	2	4	0	0	
334	1	3	0	0	1	2	2	4	0	0	
335	1	0	0	1	1	0	2	4	0	0	
336	1	0	0	1	1	0	2	4	0	0	
337	1	0	0	1	1	0	2	4	0	0	
338	0	0	0	1	1	0	2	4	3	0	
339	0	0	0	1	1	0	2	4	3	0	
340	0	0	0	1	1	0	2	4	3	0	
341	0	0	0	2	1	0	2	4	3	0	
342	0	0	0	2	1	0	2	4	3	0	
343	1	0	0	0	0	0	2	4	4	0	
344	1	0	0	0	0	0	2	4	4	0	
345	1	0	0	0	0	1	0	4	4	0	
346	1	0	0	1	0	1	0	0	4	0	
347	1	0	0	1	1	2	0	0	4	0	
348	1	0	0	2	1	2	0	0	4	0	
349	1	0	0	2	1	0	1	0	4	0	
350	1	0	0	2	1	0	1	0	4	0	
351	1	0	0	2	1	0	1	0	4	0	
352	0	0	0	2	1	0	2	3	4	0	
353	0	0	0	2	1	0	2	3	4	0	
354	0	0	0	2	1	0	2	3	4	0	
355	0	0	0	2	1	0	2	3	4	0	
356	0	0	0	2	1	0	2	3	4	0	
357	0	0	0	2	1	0	2	3	4	0	
358	1	0	0	0	0	0	2	4	4	0	
359	1	0	0	0	0	0	2	4	4	0	
360	1	0	0	0	0	1	0	4	4	0	
361	1	0	0	1	0	1	0	0	4	0	
362	1	0	0	1	1	2	0	0	4	0	
363	1	0	0	1	1	2	0	0	4	0	
364	1	0	0	2	1	0	1	0	4	0	
365	1	0	0	2	1	0	1	0	4	0	
366	1	0	0	2	1	0	1	0	4	0	
367	0	0	0	2	1	0	2	7	4	0	
368	0	0	0	2	1	0	2	7	4	0	
369	0	0	0	2	1	0	2	7	4	0	
370	0	0	0	2	1	0	2	7	4	0	
371	0	0	0	2	1	0	2	7	4	0	
372	1	0	0	3	0	0	2	8	4	0	
373	1	0	0	3	0	0	2	8	4	0	
374	0	0	0	3	0	1	2	8	4	0	
375	1	0	0	0	0	1	2	0	4	0	
376	1	0	0	0	1	2	2	0	4	0	
377	3	0	1	0	1	2	2	0	4	0	
378	3	0	1	0	1	2	2	0	4	0	
379	3	0	1	0	1	2	2	0	4	0	
380	1	0	1	0	1	2	2	0	4	0	
381	1	0	0	0	1	2	2	0	4	0	
382	1	0	0	0	1	2	2	0	4	0	
383	1	0	0	0	1	2	2	0	4	0	
384	1	0	0	0	1	2	2	0	4	0	
385	1	1	0	0	1	0	2	0	4	0	
386	1	1	0	0	0	0	2	0	4	0	
387	1	1	0	0	0	0	2	0	4	0	
388	1	1	0	0	0	0	0	8	4	0	
389	1	1	0	1	0	0	0	8	0	0	
390	1	1	0	1	0	0	0	8	0	0	
391	1	1	0	1	0	0	0	8	0	0	
392	0	2	0	1	0	0	1	8	0	0	
393	0	2	0	1	0	0	1	8	0	0	
394	0	2	0	1	0	0	1	8	0	0	
395	0	2	0	1	0	0	2	8	0	0	
396	0	2	0	1	0	0	2	8	0	0	
397	0	2	0	1	0	0	2	8	0	0	
398	0	2	0	1	0	0	2	8	0	0	
399	0	2	0	1	0	0	2	8	0	0	
