time	manip	gran	press	averat	laba	proba	StZn
1	20	30	28	19	24	100000	100000	
2	20	30	28	19	24	100000	100000	
3	20	30	28	19	24	100000	100000	
4	20	30	28	19	24	100000	100000	
5	20	16	28	19	24	100000	100000	
6	20	16	28	19	24	100000	100000	
7	20	16	28	7	24	100000	100000	
8	20	16	28	7	24	100000	100000	
9	20	16	28	7	24	100000	100000	
10	18	16	28	7	24	100000	100000	
11	18	16	28	7	24	100000	100000	
12	18	16	28	7	24	100000	100000	
13	15	16	28	7	24	100000	100000	
14	15	16	28	7	24	100000	100000	
15	15	16	28	7	24	100000	100000	
16	12	16	28	7	24	100000	100000	
17	12	16	28	-2	24	100000	100000	
18	12	16	28	-2	24	100000	100000	
19	9	16	28	-2	24	100000	100000	
20	9	16	28	-2	24	100000	100000	
21	9	16	28	-2	24	100000	100000	
22	9	16	28	-2	24	100000	99994	
23	9	16	28	-2	24	100000	99994	
24	9	16	28	-2	24	100000	99994	
25	7	16	28	-2	24	100000	99994	
26	7	16	28	20	24	100000	99994	
27	7	16	28	20	24	100000	99994	
28	5	16	28	20	24	100000	99994	
29	5	16	28	20	24	100000	99994	
30	5	16	28	20	24	100000	99994	
31	5	16	28	20	24	100000	99994	
32	5	16	24	20	24	100000	99994	
33	0	16	24	20	24	100000	99994	
34	0	16	24	20	24	100000	99994	
35	0	16	24	20	24	100000	99994	
36	36	16	24	20	24	100000	99994	
37	36	16	24	20	24	100000	99994	
38	36	16	24	20	24	100000	99994	
39	33	16	24	20	24	100000	99994	
40	32	2	24	20	24	100000	99994	
41	32	2	24	20	24	100000	99994	
42	32	2	24	20	24	100000	99994	
43	29	2	24	20	24	100000	99994	
44	29	2	24	20	24	100000	99994	
45	29	2	24	5	24	100000	99994	
46	29	2	24	5	24	100000	99988	
47	27	2	24	5	24	100000	99988	
48	27	2	24	5	24	100000	99988	
49	27	2	24	5	24	100000	99988	
50	24	2	24	5	24	100000	99988	
51	24	2	24	5	24	100000	99988	
52	24	2	24	5	24	100000	99988	
53	21	2	24	5	24	100000	99988	
54	21	2	24	5	24	100000	99988	
55	21	2	24	5	24	100000	99988	
56	21	2	24	5	24	100000	99988	
57	21	2	24	5	24	100000	99988	
58	21	2	24	5	24	100000	99988	
59	21	2	24	5	24	100000	99988	
60	21	2	24	-12	24	100000	99988	
61	21	2	24	-12	24	100000	99988	
62	19	2	24	-12	24	100000	99988	
63	19	2	24	20	24	100000	99988	
64	19	2	24	20	24	100000	99988	
65	17	2	24	20	24	100000	99988	
66	17	2	24	20	24	100000	99988	
67	17	2	24	20	24	100000	99988	
68	17	2	24	20	24	100000	99988	
69	17	2	20	20	24	100000	99988	
70	12	2	20	20	24	100000	99988	
71	12	2	20	20	24	100000	99988	
72	12	2	20	20	24	100000	99988	
73	9	2	20	20	24	100000	99988	
74	8	2	20	20	24	100000	99988	
75	8	2	20	20	24	100000	99988	
76	8	2	20	20	24	100000	99988	
77	5	-12	20	20	24	100000	99988	
78	5	-12	20	20	24	100000	99988	
79	5	-12	20	20	24	100000	99988	
80	5	-12	20	20	24	100000	99982	
81	5	-12	20	0	24	100000	99982	
82	5	-12	20	0	24	100000	99982	
83	3	-12	20	0	24	100000	99982	
84	3	-12	20	20	24	100000	99982	
85	3	-12	20	20	24	100000	99982	
86	3	-12	20	20	24	100000	99982	
87	0	40	20	20	24	100000	99982	
88	0	40	20	20	24	100000	99982	
89	0	40	20	20	24	100000	99982	
90	36	40	20	20	24	100000	99982	
91	36	40	20	20	24	100000	99982	
92	36	40	20	20	24	100000	99982	
93	33	40	20	20	24	100000	99982	
94	33	40	20	20	24	100000	99982	
95	33	40	20	20	24	100000	99982	
96	33	40	20	20	24	100000	99982	
97	33	40	20	20	24	100000	99982	
98	33	40	20	20	24	100000	99982	
99	33	40	20	20	24	100000	99982	
100	33	40	20	-8	24	100000	99982	
101	33	40	20	-8	24	100000	99982	
102	31	40	20	-8	24	100000	99982	
103	31	40	20	20	24	100000	99982	
104	31	40	20	20	24	100000	99982	
105	29	40	20	20	24	100000	99982	
106	29	40	20	20	24	100000	99982	
107	29	40	20	20	24	100000	99982	
108	29	40	20	20	24	100000	99982	
109	29	40	16	20	24	100000	99982	
110	24	40	16	20	24	100000	99982	
111	24	40	16	20	24	100000	99982	
112	24	40	16	20	24	100000	99982	
113	21	40	16	20	24	100000	99982	
114	20	40	16	20	24	100000	99982	
115	20	40	16	20	24	100000	99982	
116	20	40	16	20	24	100000	99982	
117	17	26	16	20	24	100000	99982	
118	17	26	16	20	24	100000	99982	
119	17	26	16	20	24	100000	99982	
120	17	26	16	20	24	100000	99976	
121	17	26	16	20	24	100000	99976	
122	17	26	16	20	24	100000	99976	
123	17	26	16	20	24	100000	99976	
124	17	26	16	20	24	100000	99976	
125	17	26	16	20	24	100000	99976	
126	17	26	16	20	24	100000	99976	
127	17	26	16	20	24	100000	99976	
128	17	26	16	20	24	100000	99976	
129	17	26	16	-1	24	100000	99976	
130	17	26	16	-1	24	100000	99976	
131	15	26	16	-1	24	100000	99976	
132	15	26	16	20	24	100000	99976	
133	15	26	16	20	24	100000	99976	
134	15	26	16	20	24	100000	99976	
135	12	26	16	20	24	100000	99976	
136	12	26	16	20	24	100000	99976	
137	12	26	16	20	24	100000	99976	
138	9	26	16	20	24	100000	99976	
139	9	26	16	20	24	100000	99976	
140	9	26	16	20	24	100000	99976	
141	9	26	16	12	24	100000	99976	
142	9	26	16	12	24	100000	99976	
143	9	26	16	12	24	100000	99976	
144	9	26	16	12	24	100000	99976	
145	9	26	16	12	24	100000	99976	
146	7	26	16	12	24	100000	99976	
147	7	26	16	12	24	100000	99976	
148	5	26	16	12	24	100000	99976	
149	5	26	16	12	24	100000	99976	
150	5	26	16	12	24	100000	99976	
151	5	26	16	12	24	100000	99976	
152	5	26	12	12	24	100000	99976	
153	0	26	12	12	24	100000	99976	
154	0	26	12	12	24	100000	99976	
155	0	26	12	12	24	100000	99976	
156	36	26	12	12	24	100000	99976	
157	36	26	12	12	24	100000	99976	
158	36	26	12	12	24	100000	99976	
159	33	26	12	12	24	100000	99976	
160	32	12	12	12	24	100000	99976	
161	32	12	12	12	24	100000	99976	
162	32	12	12	7	24	100000	99976	
163	32	12	12	7	24	100000	99976	
164	28	12	12	7	24	100000	99976	
165	28	12	12	7	24	100000	99976	
166	26	12	12	7	24	100000	99976	
167	26	12	12	7	24	100000	99976	
168	26	12	12	7	24	100000	99976	
169	23	12	12	7	24	100000	99976	
170	23	12	12	7	24	100000	99976	
171	23	12	12	7	24	100000	99976	
172	23	12	12	-7	24	100000	99976	
173	20	12	12	-7	24	100000	99976	
174	20	12	12	-7	24	100000	99976	
175	20	12	12	-7	24	100000	99976	
176	20	-2	12	-7	24	100000	99976	
177	20	-2	12	-7	24	100000	99976	
178	20	-2	12	-7	24	100000	99976	
179	20	-2	12	-7	24	100000	99976	
180	20	-2	12	-7	24	100000	99976	
181	18	-2	12	-7	24	100000	99976	
182	18	-2	12	20	24	100000	99976	
183	18	-2	12	20	24	100000	99976	
184	18	-2	12	20	24	100000	99976	
185	15	40	12	20	24	100000	99976	
186	15	40	12	20	24	100000	99976	
187	15	40	12	20	24	100000	99976	
188	12	40	12	20	24	100000	99976	
189	12	40	12	20	24	100000	99976	
190	12	40	12	20	24	100000	99976	
191	12	40	12	20	24	100000	99976	
192	12	40	12	20	24	100000	99976	
193	12	40	12	20	24	100000	99976	
194	12	40	12	20	24	100000	99976	
195	12	40	12	20	24	100000	99976	
196	9	40	12	1	24	100000	99976	
197	9	40	12	1	24	100000	99976	
198	7	40	12	1	24	100000	99976	
199	7	40	12	1	24	100000	99970	
200	5	40	12	1	24	100000	99970	
201	5	40	12	1	24	100000	99970	
202	5	40	12	1	24	100000	99970	
203	5	40	12	1	24	100000	99970	
204	5	40	8	1	24	100000	99970	
205	0	40	8	1	24	100000	99970	
206	0	40	8	1	24	100000	99970	
207	0	40	8	1	24	100000	99970	
208	36	40	8	1	24	100000	99970	
209	36	40	8	1	24	100000	99970	
210	36	40	8	1	24	100000	99970	
211	33	40	8	1	24	100000	99970	
212	32	26	8	1	24	100000	99970	
213	32	26	8	1	24	100000	99970	
214	32	26	8	1	24	100000	99970	
215	32	26	8	1	24	100000	99970	
216	28	26	8	1	24	100000	99970	
217	28	26	8	1	24	100000	99970	
218	28	26	8	1	24	100000	99970	
219	28	26	8	1	24	100000	99970	
220	28	26	8	-11	24	100000	99970	
221	28	26	8	-11	24	100000	99970	
222	26	26	8	-11	24	100000	99970	
223	26	26	8	20	24	100000	99970	
224	26	26	8	20	24	100000	99970	
225	26	26	8	20	24	100000	99970	
226	23	26	8	20	24	100000	99970	
227	23	26	8	20	24	100000	99970	
228	23	26	8	20	24	100000	99970	
229	23	26	8	20	24	100000	99970	
230	20	26	8	11	24	100000	99970	
231	20	26	8	11	24	100000	99970	
232	20	26	8	11	24	100000	99970	
233	20	12	8	11	24	100000	99970	
234	20	12	8	11	24	100000	99970	
235	20	12	8	11	24	100000	99970	
236	20	12	8	11	24	100000	99970	
237	18	12	8	11	24	100000	99970	
238	18	12	8	11	24	100000	99970	
239	18	12	8	11	24	100000	99970	
240	15	12	8	11	24	100000	99970	
241	15	12	8	11	24	100000	99970	
242	15	12	8	11	24	100000	99970	
243	12	12	8	11	24	100000	99970	
244	12	12	8	11	24	100000	99970	
245	12	12	8	-4	24	100000	99970	
246	12	12	8	-4	24	100000	99970	
247	8	12	8	-4	24	100000	99970	
248	8	12	8	-4	24	100000	99970	
249	8	12	8	-4	24	100000	99970	
250	8	12	8	-4	24	100000	99970	
251	6	12	8	-4	24	100000	99970	
252	6	12	8	20	24	100000	99970	
253	6	12	8	20	24	100000	99970	
254	3	-2	8	20	24	100000	99970	
255	3	-2	8	20	24	100000	99970	
256	3	-2	8	20	24	100000	99970	
257	0	40	8	20	24	100000	99964	
258	0	40	8	20	24	100000	99964	
259	0	40	8	20	24	100000	99964	
260	36	40	8	20	24	100000	99964	
261	36	40	8	20	24	100000	99964	
262	36	40	8	20	24	100000	99964	
263	33	40	8	20	24	100000	99964	
264	33	40	8	20	24	100000	99964	
265	33	40	8	20	24	100000	99964	
266	33	40	8	20	24	100000	99964	
267	29	40	8	3	24	100000	99964	
268	29	40	8	3	24	100000	99964	
269	27	40	8	3	24	100000	99964	
270	27	40	8	3	24	100000	99964	
271	25	40	8	3	24	100000	99964	
272	25	40	8	3	24	100000	99964	
273	25	40	8	3	24	100000	99964	
274	25	40	8	3	24	100000	99964	
275	25	40	4	3	24	100000	99964	
276	20	40	4	3	24	100000	99964	
277	20	40	4	3	24	100000	99964	
278	20	40	4	3	24	100000	99964	
279	17	40	4	3	24	100000	99964	
280	16	40	4	3	24	100000	99964	
281	16	40	4	3	24	100000	99964	
282	16	40	4	3	24	100000	99964	
283	16	26	4	3	24	100000	99964	
284	13	26	4	3	24	100000	99964	
285	13	26	4	3	24	100000	99964	
286	13	26	4	3	24	100000	99964	
287	13	26	4	-17	24	100000	99958	
288	13	26	4	-17	24	100000	99958	
289	11	26	4	-17	24	100000	99958	
290	11	26	4	20	24	100000	99958	
291	11	26	4	20	24	100000	99958	
292	11	26	4	20	24	100000	99958	
293	8	26	4	20	24	100000	99958	
294	8	26	4	20	24	100000	99958	
295	8	26	4	20	24	100000	99958	
296	8	26	4	20	24	100000	99958	
297	5	26	4	20	24	100000	99958	
298	5	26	4	20	24	100000	99958	
299	5	26	4	20	24	100000	99958	
300	5	12	4	20	24	100000	99958	
301	5	12	4	20	24	100000	99958	
302	5	12	4	20	24	100000	99958	
303	5	12	4	20	24	100000	99958	
304	5	12	4	20	24	100000	99958	
305	1	12	4	20	24	100000	99958	
306	1	12	4	-8	24	100000	99958	
307	1	12	4	-8	24	100000	99958	
308	-1	12	4	-8	24	100000	99958	
309	-1	12	4	20	24	100000	99958	
310	-1	12	4	20	24	100000	99958	
311	36	12	4	20	24	100000	99958	
312	36	12	4	20	24	100000	99958	
313	36	12	4	20	24	100000	99958	
314	33	12	4	20	24	100000	99958	
315	33	12	4	20	24	100000	99958	
316	33	12	4	20	24	100000	99958	
317	33	12	4	20	24	100000	99958	
318	30	12	4	20	24	100000	99958	
319	30	12	4	20	24	100000	99958	
320	30	12	4	20	24	100000	99958	
321	30	-2	4	20	24	100000	99958	
322	30	-2	4	20	24	100000	99958	
323	30	-2	4	20	24	100000	99958	
324	30	-2	4	20	24	100000	99958	
325	30	-2	4	20	24	100000	99958	
326	30	-2	4	20	24	100000	99958	
327	30	-2	4	20	24	100000	99958	
328	30	-2	4	20	24	100000	99958	
329	30	-2	4	-1	24	100000	99958	
330	30	-2	4	-1	24	100000	99958	
331	28	-2	4	-1	24	100000	99958	
332	28	-2	4	20	24	100000	99958	
333	28	-2	4	20	24	100000	99958	
334	28	-2	4	20	24	100000	99958	
335	25	40	4	20	24	100000	99958	
336	25	40	4	20	24	100000	99958	
337	25	40	4	20	24	100000	99958	
338	22	40	4	20	24	100000	99958	
339	22	40	4	20	24	100000	99958	
340	22	40	4	20	24	100000	99958	
341	22	40	4	12	24	100000	99958	
342	22	40	4	12	24	100000	99958	
343	22	40	4	12	24	100000	99958	
344	22	40	4	12	24	100000	99958	
345	20	40	4	12	24	100000	99958	
346	19	40	4	12	24	100000	99958	
347	19	40	4	12	24	100000	99958	
348	19	40	4	7	24	100000	99958	
349	16	40	4	7	24	100000	99958	
350	16	40	4	7	24	100000	99958	
351	16	40	4	7	24	100000	99958	
352	13	40	4	7	24	100000	99952	
353	13	40	4	7	24	100000	99952	
354	13	40	4	7	24	100000	99952	
355	13	40	4	7	24	100000	99952	
356	13	40	4	7	24	100000	99952	
357	13	40	4	7	24	100000	99952	
358	13	40	4	7	24	100000	99952	
359	13	40	4	7	24	100000	99952	
360	11	40	4	7	24	100000	99952	
361	10	40	4	7	24	100000	99952	
362	10	40	4	7	24	100000	99952	
363	10	40	4	7	24	100000	99952	
364	7	40	4	-7	24	100000	99952	
365	7	40	4	-7	24	100000	99952	
366	7	40	4	-7	24	100000	99952	
367	4	40	4	-7	24	100000	99946	
368	4	40	4	-7	24	100000	99946	
369	4	40	4	-7	24	100000	99946	
370	4	40	4	-7	24	100000	99946	
371	4	40	4	-7	24	100000	99946	
372	4	40	4	-7	24	100000	99946	
373	4	40	4	-7	24	100000	99946	
374	2	40	4	-7	24	100000	99946	
375	2	40	4	20	24	100000	99946	
376	2	40	4	20	24	100000	99946	
377	0	40	4	20	24	100000	99946	
378	0	40	4	20	24	100000	99946	
379	0	40	4	20	24	100000	99946	
380	36	40	4	20	24	100000	99946	
381	36	40	0	20	24	100000	99946	
382	36	40	0	20	24	100000	99946	
383	36	40	0	20	24	100000	99946	
384	36	40	0	20	24	100000	99946	
385	31	40	0	20	24	100000	99946	
386	31	40	0	20	24	100000	99946	
387	31	40	0	20	24	100000	99946	
388	28	40	0	20	24	100000	99946	
389	27	40	0	20	24	100000	99946	
390	27	40	0	20	24	100000	99946	
391	27	40	0	20	24	100000	99946	
392	24	26	0	20	24	100000	99946	
393	24	26	0	20	24	100000	99946	
394	24	26	0	20	24	100000	99946	
395	24	26	0	20	24	100000	99940	
396	24	26	0	20	24	100000	99940	
397	24	26	0	20	24	100000	99940	
398	24	26	0	20	24	100000	99940	
399	24	26	0	20	24	100000	99940	
